0.12744221
-0.1778196
0.12261648
0.17350572
0.041927204
-0.08508799
-0.18374997
0.10818268
-0.0025186152
0.05135842
0.10416893
0.07838868
-0.068856575
0.09073789
-0.09187395
-0.08038643
0.090184346
0.12642598
0.13690583
0.1321501
-0.09703326
-0.03953207
0.14785042
-0.068757005
-0.04706946
-0.14939362
0.162817
-0.1573934
0.100231305
0.038013004
-0.06267702
-0.03819681
-0.09886161
-0.1457233
-0.08622343
0.13686936
-0.19978757
0.1030219
-0.06390204
-0.0988906
0.030849317
-0.059460822
-0.15639208
0.05213811
-0.10991851
-0.10860474
0.020096606
0.008613889
-0.09887641
0.1631364
-0.09982112
-0.09569919
0.015697438
-0.046099607
-0.043060828
0.16676961
-0.0864076
0.1102676
0.16928415
0.13933416
0.049326845
0.10940989
0.006300011
-0.12333953
0.07057927
0.16701847
-0.13079977
0.042573243
0.12912497
-0.16956328
0.06403375
-0.03446938
-0.09952797
-0.16813174
0.10934307
0.08770322
-0.086794
-0.12297988
-0.0138021195
-0.18239374
0.13688183
0.042435
-0.10143295
-0.118997104
-0.07612942
0.1531162
0.1134987
-0.13490409
0.077779986
0.16538364
-0.1553345
-0.09950369
-0.1778764
-0.008319933
0.12912747
0.135718
-0.14813948
0.108941555
0.063062996
-0.11929349
0.07788253
-0.11996792
-0.11052956
0.1385195
-0.17238723
0.051686663
0.06451808
-0.049415648
0.058823064
0.034420595
0.17102803
0.09313306
0.15410796
-0.1283253
-0.08748753
-0.028929252
-0.01409531
-0.040976897
-0.15811938
0.03087109
0.06912865
-0.120518394
0.10785322
0.0545287
-0.17613812
-0.0115227895
0.0028842909
0.092851125
0.045249783
0.03553751
-0.0531775
0.13307399
-0.0959579
-0.13440011
-0.14628613
-0.17217743
0.04187128
0.059674844
-0.0050664563
0.09758157
0.16158786
-0.11712018
0.17197081
0.18435767
0.06473753
0.17188975
0.17050143
0.013537287
-0.121323064
-0.16313016
0.01509825
0.12308947
0.07990778
0.0657307
-0.040882707
0.14968197
-0.0100527005
-0.15000838
0.060609754
0.027338447
0.14906053
-0.1594205
0.08723645
0.07662755
0.07166926
-0.02764864
-0.12783109
-0.15937452
0.008129881
-0.15819672
-0.111647695
-0.055229455
-0.03699729
-0.17018558
0.055932477
0.030743327
0.058433276
-0.07316226
-0.030644739
0.13935494
-0.027547507
-0.13441923
0.1466699
-0.08943404
0.06378433
0.050913837
-0.10129818
0.14959362
-0.19824147
0.10930541
-0.15894122
-0.083021365
0.029750222
-0.09750118
-0.02835618
0.062002506
-0.023167452
0.05046671
0.18648598
0.029036012
0.10179233
0.14330193
0.05014452
-0.072364554
-0.03277163
0.09924589
0.09966179
-0.077271864
0.024029624
-0.021901967
-0.08253016
-0.014135742
-0.14084406
0.06902967
-0.04175622
-0.03575077
-0.117349796
-0.16898027
0.15922312
0.101075515
-0.07731062
0.15493856
0.1075496
-0.122858085
0.13434938
-0.015651619
0.106013864
0.11424965
-0.055597354
0.17886403
0.06703682
0.08841361
-0.1601692
0.018716823
0.16240284
-0.17618899
0.05252609
0.052443318
0.06091569
-0.048381817
0.058805704
-0.115715586
-0.09922793
0.121645525
0.12847959
-0.15245038
0.054676097
-0.08322182
0.0028630071
-0.12205322
0.08001086
0.1033106
0.09054011
-0.0525103
0.11645033
0.13403259
0.17339928
0.11349
-0.1502484
-0.020719782
0.08581696
0.05750945
0.123089544
0.09681243
-0.05636552
0.042702995
-0.058440823
-0.14977647
0.035124287
-0.12328522
-0.10158065
0.17483108
0.15102425
-0.06392973
0.072843276
0.14791512
-0.051044058
0.05114386
-0.1336748
-0.02014319
0.11279524
-0.009209228
0.030086238
0.05955917
-0.18846169
-0.17243947
0.07481745
0.18853925
0.16509557
0.064127326
0.13997464
-0.04318694
-0.023930952
0.16346857
0.07769823
-0.055060036
0.052592814
0.13954878
0.09652512
0.02828418
-0.08360523
0.0039703283
0.06439231
-0.18468149
0.14850675
-0.042464755
0.023579929
0.06327655
-0.039528403
-0.17786053
0.031557783
-0.04564793
-0.06703505
0.033730343
-0.16885003
-0.18417439
-0.11956254
-0.11760227
0.11567892
-0.04665391
-0.18472299
-0.079614386
0.00719097
-0.13229261
-0.12152205
-0.05654001
0.16510552
-0.035431664
0.15968235
0.13101135
0.015758576
0.05507626
0.044547305
0.15470847
-0.09150511
-0.021695148
-0.105353475
-0.1506886
0.06616965
0.034838747
-0.16413914
0.14974271
-0.1643389
-0.17542133
0.15945718
-0.12844905
0.043513406
0.019997627
-0.09742102
-0.034168113
-0.07451041
-0.006172033
-0.102244616
0.16509765
0.056368697
-0.12860507
0.13216378
-0.05032001
0.012610813
0.11707405
0.047035925
0.026829911
0.006846352
-0.17387567
0.00059170375
-0.010229773
0.16685526
-0.13894221
0.0042517367
0.1435283
-0.12277562
0.056941263
-0.03151199
-0.043329142
0.17542462
0.15528269
-0.057663925
-0.13662627
0.11528285
0.15636484
0.0037752516
0.023804631
-0.18464014
0.13268735
0.027304905
-0.056239195
0.008378705
0.072825216
-0.033967722
0.10420426
-0.19181708
-0.049321633
0.09439093
-0.022599569
0.17079067
-0.002406622
0.025740251
-0.13448116
-0.0047673522
-0.08508511
-0.08575495
-0.0951631
-0.028965782
-0.17316498
-0.16413853
0.15975155
-0.07798873
-0.0025266674
-0.086064614
-0.0077362885
0.11332833
0.052554443
-0.06494077
-0.13894749
0.10798881
-0.14555147
0.036210775
0.13366908
0.029556839
-0.1396852
0.13380075
-0.05739513
0.18645203
0.154186
0.027536731
0.015538445
0.18826313
-0.16196854
0.16569933
0.10811298
0.055370837
-0.124585696

