-0.07131338
0.034482826
0.024433687
0.140297
0.14517449
0.026849478
0.11248885
0.028872218
-0.13261662
0.011083057
0.069698885
0.11565984
0.04205936
0.032746557
-0.02004661
0.10414832
-0.008184316
0.07829664
-0.05940972
0.106975965
-0.04274799
-0.065094836
0.13277406
-0.14960967
-0.03636325
-0.086533256
-0.13281927
0.008108071
-0.1412266
-0.090076976
-0.04831356
-0.058538258
0.12740132
-0.08956295
-0.057978477
0.076838486
0.040308364
-0.058354225
0.19840181
-0.017822502
-0.024879713
0.09668213
0.057507478
0.10815342
0.034498043
0.13250312
0.005990745
-0.09661131
-0.099684335
-0.020153312
0.047841083
-0.07703346
-0.027877342
0.12333044
0.028065544
0.020468848
0.09775282
-0.069866516
0.00017531824
0.05595436
0.03517333
0.11037062
-0.043194465
-0.05236828
-0.112721026
0.06179601
-0.037765704
-0.0114333825
0.16853817
-0.08700958
0.1537591
-0.10119364
-0.098642886
-0.015228901
-0.13251242
-0.086479254
0.073842585
-0.062165454
-0.015755078
-0.14212736
0.08656742
0.12192981
0.11025685
-0.088981465
-0.11563366
-0.10546341
0.018237295
-0.035250448
-0.12457176
-0.074062295
-0.040951736
-0.056640066
0.05575469
-0.08231036
-0.061314277
0.095276766
0.018885784
0.10664421
0.13934034
0.07957627
0.08839981
-0.015286679
-0.1076567
-0.015697213
-0.050804354
-0.050036848
-0.0878737
-0.02255124
-0.07024737
0.014072403
0.10373317
0.011102733
0.094642535
-0.06657457
-0.068177015
-0.016155345
0.15129644
-0.042722613
-0.11142659
0.08835917
0.13336909
-0.110325836
-0.023528865
0.017774466
0.09509718
0.11240762
0.10187841
-0.004752227
0.073029384
0.01742041
0.006742139
0.12611088
0.09334289
-0.06878106
-0.11576977
-0.029286433
-0.0031159355
-0.0055575706
0.011862872
0.033900514
0.14592625
0.07959789
-0.09841297
-0.026822025
0.109520845
-0.07923165
0.10959614
-0.056656763
0.093583986
-0.11556637
-0.14052314
0.11155101
-0.05433167
-0.05831959
0.08263765
0.10932528
-0.09159168
-0.12716487
0.113777496
-0.015063384
-0.003970285
-0.009281783
0.10137968
0.07669867
-0.043994132
-0.04069234
0.10645374
0.048556816
-0.12291327
-0.09798506
-0.105263144
0.12520662
-0.048699245
-0.12634693
-0.10749043
-0.047066607
0.021961112
0.095127895
-0.08383474
-0.081448495
0.08259292
0.08130108
0.048166346
0.11788905
-0.076082066
-0.031622645
0.09897779
0.11148488
0.10850317
0.06943016
0.00016698099
-0.13503309
0.04043212
0.10368469
0.04599793
-0.14747314
0.076769695
-0.0027553404
0.06789536
0.106113456
0.106415726
0.0054216287
0.10837046
-0.15072417
-0.0685024
0.0814538
-0.07066261
0.0022083633
-0.0016694074
-0.010455832
0.09091622
-0.057798106
-0.15216874
0.1268706
-0.1374291
-0.017096693
-0.15813853
0.10210057
-0.1363698
-0.075107984
0.05088734
0.018435458
-0.054565653
0.032324027
0.060632378
0.032410517
-0.05140299
0.053061306
-0.08627883
0.05058978
-0.14481103
-0.041842226
-0.10502471
-0.09145626
-0.13707909
0.11998276
-0.058104105
0.10670096
0.0041499985
-0.038984172
0.06218505
-0.1086027
0.029043095
0.06818501
0.12511516
-0.12587856
0.0048660412
-0.036087435
-0.1335163
0.00071724056
0.05746267
-0.095487736
-0.06681244
-0.0145304585
-0.11849119
-0.10606681
-0.07586408
0.07142381
-0.12320755
0.07795879
-0.05126386
-0.006884843
0.099754125
0.055948175
0.038160924
-0.06281406
-0.025610449
-0.00435457
-0.008709342
-0.092893794
0.035064112
-0.06875948
-0.06271698
-0.019960945
0.017385766
0.010384708
-0.034203894
0.11655067
-0.09156531
-0.12592727
0.057854023
0.11040969
-0.12142984
-0.11503101
-0.12015026
-0.07245448
-0.0009882394
0.072717585
-0.050823223
0.04127927
0.05118666
-0.09766545
0.038060762
0.059884287
0.12065233
-0.09631076
-0.07155865
-0.07828345
0.12218249
-0.08613693
-0.120642595
-0.12569465
-0.016843537
-0.02344855
0.061710313
-0.10849634
0.057335973
0.033473663
-0.018463757
-0.025974533
0.021585375
-0.08316155
-0.0686936
0.062844716
0.07879978
-0.0529579
-0.13417532
0.06204364
0.026339218
-0.122136235
0.02031558
0.14373852
-0.040236093
-0.119385645
-0.012253298
0.14917241
0.0944445
0.02408361
-0.07842079
-0.050241478
0.13289312
0.023115935
0.017323628
-0.05318506
-0.027634516
0.087177575
-0.15123633
-0.03622649
-0.12181569
-0.15109272
0.040958583
0.08975385
-0.049135126
0.007814185
-0.10518928
0.04119043
-0.09473972
-0.10788896
0.14061707
-0.13342635
0.13663815
0.035808206
-0.032121927
0.013876034
0.059110396
-0.12570146
0.0303532
0.061569832
0.04409322
-0.13159251
-0.1494014
0.0056487853
-0.06978692
-0.06062519
-0.07794094
-0.043055695
-0.054189548
-0.10385375
-0.0888279
0.12116183
0.06583442
0.12192852
-0.09580584
-0.0946024
0.123408146
0.07015059
-0.05880411
0.082447544
-0.14083533
0.04678208
0.074027695
-0.025269762
-0.084049225
-0.07003518
-0.013479731
0.06566514
0.08240675
0.02059241
0.030336346
0.056866165
0.10837195
-0.068485826
-0.09030073
0.048743516
0.052955277
-0.11852405
0.13149172
0.076015346
-0.0930228
-0.008407801
0.026236298
0.049313735
-0.03069051
-0.006523108
0.11683941
0.026459875
0.0664637
-0.037408337
-0.10228265
-0.13773821
-0.055606857
0.041604176
-0.03292269
-0.07751632
0.004250611
0.026080033
-0.027987793
-0.045477465
0.13614929
0.0012979239
-0.09910332
-0.03157942
0.087342404
0.069485866
-0.064529985
-0.08386564
0.055942085
0.04421285
-0.11668188
-0.002151907
-0.10396572
-0.11069418
0.06390411
-0.020781273
0.080492534
-0.14119484
-0.072435156
0.08758963
-0.07534845
-0.13304877
-0.0890284
0.06787747
-0.013663606
-0.00061132014
-0.07079095
0.12259736
-0.0073840856
-0.12521271
0.034996234
-0.08910684
-0.022719998
0.01838335
0.07486315
-0.11131126
0.044142045
-0.10920011
0.010920123
-0.037012316
0.03476642
0.11643549
0.10869536
-0.10741402
0.032079067
0.0739536
0.09501842
0.021019941
-0.10078642
-0.10667555
0.08346018
-0.07386182
0.09873755
0.04586728
-0.024181476
0.101981625
-0.13934979
0.09046582
0.00066879165
-0.08771031
0.03772182
-0.032164883
0.07646106
-0.10412111
-0.15836285
0.032410562
0.11865532
0.015346906
0.020021662
0.028743519
-0.12125612
0.108097136
0.02334598
0.058636185
0.14346915
0.01787789
-0.14877172
0.0037136765
-0.11253412
0.0701361
-0.06725708
-0.087715104
0.10614378
0.1073042
-0.0014206229
-0.08184724
-0.109558836
0.11301531
-0.080043845
-0.0019701386
-0.13083835
-0.04740459
-0.13696775
-0.04407453
0.038093682
-0.1303719
-0.13906266
-0.038633253
0.13388246
-0.030956093
-0.0416138
-0.08668608
0.01732327
-0.050765008
-0.060626503
0.09392719
0.024293642
0.07603461
0.039539214
0.10720424
0.07764236
0.036250114
-0.0725858
-0.023298798
0.13204373
0.037187304
-0.01228431
0.0028675746
-0.02361632
0.13337114
0.0047843163
0.024903389
0.0789675
0.0181504
-0.055550434
-0.08666435
-0.01034125
-0.061415344
0.035379015
-0.08169603
0.10424086
-0.016470665
0.10266974
-0.05456742
-0.14976887
-0.11012384
0.12533909
0.06216441
-0.14864247
0.1203292
-0.10908908
-0.025063232
-0.13687071
0.0048673553
0.12393031
-0.104995586
0.04381491
-0.12626944
0.016966492
0.05010272
-0.14559123
-0.11739016
-0.0469048
-0.101997405
0.10004515
0.088428296
0.112311035
-0.061658632
0.036499657
0.09611269
-0.082368605
-0.12059566
-0.093855806
-0.048339188
0.055599608
-0.05820709
-0.14694962
-0.107524514
0.122344054
-0.02005842
-0.031047296
-0.02431082
-0.008427854
0.09583364
-0.024628466
0.13255736
0.06774181
-0.14528552
0.08114475
-0.018125053
-0.016635254
-0.04340029
-0.07853554
-0.1449587
-0.10027179
-0.06421608
-0.04195865
-0.07835096
0.1057632
0.0012724663
-0.15747146
0.06265481
0.032327972
-0.08504589
0.008178762
-0.05604331
-0.09470781
0.17276162
-0.020965433
-0.012585522
0.19908758
0.20834655
-0.0824436
-0.11404398
-0.086315244
-0.054773584
0.08496883
-0.13127401
0.10942142
0.08424114
0.12749192
0.022759123
0.11099626
-0.10101704
0.07819412
0.107834265
0.110537164
0.001796449
-0.11036341
0.13179225
0.024513004
-0.0055588563
0.011750823
-0.037514362
-0.049672406
-0.04243372
0.113891214
-0.022114068
-0.045259275
0.11388986
0.018464748
0.01600922
-0.056982353
0.049497914
-0.13588281
-0.02280907
-0.06045547
-0.005096947
-0.09566915
0.040650893
0.011132266
0.1389934
-0.12149301
-0.062274646
-0.11590307
-0.13578147
0.054090977
0.052165296
-0.0205045
-0.092415944
0.14077535
-0.006510229
-0.036941707
-0.067994885
0.06554958
0.010427266
0.040551208
0.04934837
0.0681076
0.13729626
-0.13362971
0.045729708
0.051067498
0.15570122
-0.11119319
0.13068059
0.15125641
0.13147071
-0.1513036
0.035407513
-0.036076825
-0.15903108
0.038410418
0.13666679
-0.005273285
0.04250405
0.16610731
0.021122998
0.08519047
0.06762564
0.0044748704
-0.031241238
-0.023642546
-0.03344906
0.03332622
0.06656393
-0.039103985
-0.06448985
0.053228874
0.059671354
0.07007467
0.15142678
-0.027129296
0.12397007
0.026025131
-0.09377301
0.11887962
-0.03716534
-0.039425462
0.04463122
0.06975461
0.11307994
-0.12704696
0.030068442
-0.053271525
0.055015005
0.105308
0.09501271
0.124513
0.082447425
-0.08946626
0.10772916
-0.0158231
0.0063947886
-0.0542262
-0.074068226
0.12414378
0.08981257
-0.08442399
-0.12516326
0.10125961
0.049211394
-0.090808794
-0.022542384
0.11977635
0.10868124
0.08598036
-0.1256056
0.08844696
-0.13093026
0.0732185
0.03841814
0.11763709
0.10693764
-0.091250636
0.0029514427
-0.11728393
0.1284363
0.08221185
-0.07134621
-0.04141702
-0.13347057
0.09148562
-0.01355718
-0.091923065
0.022966132
-0.14350334
0.017252875
-0.039998565
-0.121253766
0.04443489
-0.11973529
0.08179813
0.06304674
-0.034641877
-0.029620195
0.014773114
0.009603506
0.122271955
0.048340194
0.0021848928
-0.11286166
-0.14072533
-0.07570554
0.043469667
-0.10103815
-0.020811465
-0.11270284
0.060920138
-0.0032517072
0.12080081
0.092280015
-0.14334416
-0.1027173
-0.08066822
-0.13207388
0.0008874103
0.026330726
-0.063650526
-0.031950433
-0.056399453
-0.012744166
-0.07514791
-0.04973062
-0.12216503
-0.07390684
-0.05808487
0.11286199
-0.12746827
-0.059215695
-0.08954862
-0.10219031
-0.057649292
0.089407206
0.0025465975
-0.07563388
-0.036848057
-0.15407625
-0.08611657
-0.11280661
0.08984099
-0.02650253
-0.06682774
-0.13132578
-0.09758784
-0.1290701
-0.023649056
-0.038774554
-0.12319658
0.14031519
0.028188553
-0.0857515
-0.10557821
0.11138651
-0.09118107
-0.008445802
0.04907347
-0.09867725
0.044251915
-0.13853745
-0.07727185
-0.026521245
0.075643755
-0.037430864
0.0139923785
0.10355573
0.1094519
-0.086945355
0.06376314
-0.055438362
-0.031181332
-0.036813326
-0.07480663
0.09518201
0.043885745
0.11079555
0.12518795
0.10290713
-0.008318144
-0.06289466
0.031113548
-0.06803067
0.055516057
-0.0642543
0.05302932
-0.11017821
0.0030801205
0.08127882
-0.0571924
-0.07875663
0.11014108
-0.13137251
0.02424124
-0.03940313
-0.047519907
0.10233227
-0.012271827
-0.07121211
-0.12051714
-0.09516968
0.11610477
-0.06680597
0.10009777
-0.022503568
0.09849961
-0.096994214
-0.08481926
0.12046066
-0.043114435
0.03215901
-0.09340644
-0.08475334
0.040241715
-0.011585951
-0.0603221
-0.0057790056
-0.125908
0.048865907
0.13973318
-0.124455184
-0.01778513
-0.029489791
-0.10520858
0.06968531
0.016041167
-0.08264648
-0.05201861
-0.054634795
-0.006779114
-0.15904197
0.005703822
0.037820194
-0.06204213
0.07496395
-0.056500643
-0.0024485788
-0.055116713
-0.08784281
-0.046325825
-0.07690761
0.04197939
-0.12648518
-0.10046047
-0.12879519
0.081380054
0.11805626
0.13211274
0.11309239
-0.02597608
-0.018711295
-0.10340054
-0.12962931
-0.0702661
-0.06676486
0.10137954
0.07556859
-0.12026926
0.0865639
-0.048891146
0.121613614
0.12048971
-0.11675787
-0.041696884
0.06126617
-0.12923571
-0.060513627
0.08390208
-0.022434186
-0.08578402
0.08589457
0.019767663
0.03192246
0.02865371
0.097301215
-0.009998119
0.12391283
-0.060222577
0.015170138
0.11902991
0.116796486
-0.1590404
-0.009099597
-0.10654868
-0.084063046
0.019060165
0.067406915
0.060934193
0.06985113
-0.031447396
-0.08496786
0.033967726
0.06398855
-0.00639445
-0.055712003
-0.16088751
0.015514569
-0.08626758
-0.0036809957
0.123067856
-0.13285448
0.0101444125
-0.023748057
-0.13784951
-0.12352123
0.008541035
-0.013708178
-0.03468221
-0.05616622
0.020406023
0.09312376
-0.1382179
0.013781133
0.08354878
0.10493444
-0.09330067
-0.052618805
-0.12938905
-0.12773062
0.09879682
-0.08568917
-0.09523141
0.12168423
-0.1373241
0.0049155974
0.078117214
-0.067718595
-0.09451713
0.09323131
-0.119267546
0.06915862
-0.14565548
0.06316914
0.12168281
-0.08351754
-0.09214104
0.100133166
-0.122807875
-0.0029647085
-0.14044248
-0.13604574
0.05477303
-0.042906728
-0.11986552
0.10917354
0.006877656
-0.10663112
0.0075173657
0.09677749
-0.059323493
-0.12541299
0.0725719
0.11144737
-0.03982921
-0.10889704
0.10615398
-0.016693812
0.10559614
-0.0010410321
-0.1138442
-0.0033788257
-0.08109457
0.080775924
0.0042904844
-0.11286373
0.018062983
-0.082973756
-0.014124599
-0.067174554
0.065559186
-0.11311233
-0.13503543
-0.0224268
0.042682353
-0.14368004
-0.12225111
-0.13810271
-0.13494493
-0.02518077
0.04818623
-0.042506788
0.121220365
-0.15822107
-0.041905332
-0.13226543
0.026696255
-0.13447687
0.031194296
0.028352093
-0.08651027
0.058536272
0.08107088
-0.04976909
-0.0037730893
0.035545915
-0.053846445
-0.11319935
-0.1343603
-0.03998872
0.08406109
0.10345951
0.06156674
0.13001478
-0.004055829
0.11045998
0.09242352
0.03218525
-0.07002627
0.022795884
-0.13909033
-0.07728908
-0.10270804
0.11835561
0.10991069
0.011075796
0.024903363
-0.14137438
-0.12764855
-0.043284345
-0.14978278
0.05326225
0.097482644
-0.054231748
-0.018427132
0.10361026
0.11824607
0.020714017
-0.022671493
-0.12341945
0.0008692832
0.078244515
-0.096089736
-0.0057744035
-0.020554697
0.010970774
0.0402157
-0.09591766
-0.07203607
0.025437072
0.10683596
0.06458528
0.010802127
-0.15215386
0.09423482
0.09920881
-0.09467226
0.068275094
-0.09822244
0.1261574
-0.10832557
0.03372909
-0.04298281
0.12312883
0.050896462
0.11632164
-0.08840788
0.10401957
-0.04730491
-0.0591593
-0.04027767
0.018744953
0.083498925
-0.06746168
-0.030663425
0.12956697
-0.0030569036
-0.051639337
0.08845497
-0.061575353
0.11105078
0.0011508301
-0.05811917
0.036986392
-0.07671661
-0.129599
0.010873393
0.09615287
-0.017938206
-0.11973305
0.04917492
-0.02746453
-0.12381864
-0.0040810937
0.10135038
-0.026082354
0.08658644
-0.09378485
0.026547734
-0.008304916
-0.0024665617
0.08922597
0.082154766
0.1059642
0.031040013
-0.0828343
-0.12671925
-0.015939254
0.13497722
0.10156948
-0.10509196
-0.12266269
-0.08298821
-0.1109667
-0.054763656
0.13292764
-0.05476042
0.06814102
-0.0034187066
-0.08943378
0.06838523
-0.08805279
-0.06843714
0.059976276
0.08230942
-0.08604357
-0.0028158333
0.08241768
-0.1067257
0.046485882
-0.08417477
0.10424811
-0.013167146
-0.029270833
0.1140067
-0.0662685
0.046149436
0.05529842
0.005957361
-0.093122475
0.0021555808
0.0878558
-0.13159734
-0.13978747
-0.10318328
0.14591281
-0.0050628376
-0.06210649
0.068342835
0.10930567
-0.1166524
0.069115676
-0.11305505
-0.04806383
0.005853059
-0.0851222
0.041346274
-0.05542741
-0.1484791
0.05833621
-0.12878019
0.088396735
-0.03153417
-0.13338669
-0.012893323
0.11476801
-0.058971994
0.022845581
-0.083526224
-0.102683626
0.09691293
-0.14844494
0.025037184
0.004109449
-0.10584458
0.099826336
0.048238453
0.043969415
-0.06534075
0.08223952
-0.118896216
0.02408045
-0.038035993
0.054643895
-0.028111525
-0.1035733
-0.023405613
-0.033878967
-0.008430673
-0.05138024
-0.010259138
-0.06464937
-0.05751555
0.080165304
-0.13898273
-0.09816891
-0.050183795
-0.07363251
0.11308598
-0.08589353
-0.06376459
0.062394515
-0.054409526
-0.021332454
-0.022472337
0.07995783
-0.026745839
-0.11414707
-0.028897503
-0.043485332
-0.110595986
0.008743885
-0.09544907
0.05797066
-0.13815051
-0.12844957
-0.044199716
0.10557031
0.045238275
-0.037966724
-0.11601116
-0.12731844
-0.026443994
-0.06463802
0.072269425
-0.044129644
-0.14694193
-0.100821786
-0.078287475
0.008557944
-0.044714153
-0.0036280116
-0.012726936
-0.069844775
-0.14834964
-0.007886324
-0.022724815
-0.14786531
0.092495725
0.069901176
-0.09539747
0.103193805
-0.08597349
-0.1308882
0.11345436
0.07491237
0.022894517
0.130925
-0.05232907
-0.0014072973
-0.008554378
-0.1070162
-0.05409921
0.061304297
-0.1051781
0.109476745
0.119418755
-0.01625761
-0.028075386
-0.15533243
0.119069085
-0.13249695
0.122238
-0.0715219
0.10469943
-0.050918385
-0.00012655309
-0.15156822
0.033916183
-0.10781941
0.031831145
-0.12788175
-0.01868928
0.0070393695
-0.091221504
0.104186624
-0.040874377
0.02446661
-0.038253337
0.028389093
0.06024446
-0.053705975
-0.10290114
-0.058526896
-0.0010182508
0.077186674
0.089559264
-0.06614553
-0.064943634
-0.014246331
-0.07934277
0.04480574
-0.12423099
0.08554534
0.057085525
-0.031149285
-0.12789923
0.027314188
0.1366712
-0.03624332
0.12772416
0.008939454
-0.010217131
0.03262408
0.045612812
-0.01802534
0.079692096
0.10996009
-0.06432134
-0.092851296
-0.1303265
-0.100018
0.09091509
0.06453623
0.028496565
0.007861766
0.10675405
0.08409171
-0.09128415
-0.0056431848
0.02433879
-0.06517916
0.05680281
-0.02630522
-0.046690255
-0.11087756
-0.15396142
-0.007041749
-0.026874354
0.086698286
0.086967066
-0.13480736
-0.01780553
0.080275364
0.0046415115
0.033527784
-0.035561237
0.06103751
-0.08601237
-0.04626373
-0.12092652
0.049926043
-0.04883666
-0.0545029
0.06892679
0.11312394
-0.03634805
-0.13705151
-0.061845813
0.09467071
0.13373947
0.07401017
0.09421991
-0.08025214
0.09260018
0.07530994
0.062673375
-0.03818742
0.11587121
-0.010697733
-0.14302999
0.06789039
0.12169014
-0.14862095
0.12396903
-0.14318673
-0.10307611
-0.08155613
0.043020178
0.0017180984
-0.10400885
0.07503469
0.13393365
-0.11148984
0.009357708
-0.10372736
0.012401925
0.011491067
0.12019669
-0.009146614
0.04298203
0.014779528
0.0041623656
-0.10784936
-0.12061202
-0.11016348
-0.0699172
0.1416723
0.04758391
-0.09618393
-0.112373374
-0.10765196
0.020572143
0.11216029
0.067131214
-0.03093503
0.052933626
0.04202561
-0.11642863
0.039905664
-0.06037937
0.10447368
0.07964983
-0.026248591
-0.1398844
-0.1463386
0.0050903233
-0.08550901
0.052097976
0.0700054
0.11506621
-0.040837698
-0.114108674
-0.12889881
-0.0739985
-0.1430991
-0.15205613
0.040133547
-0.06206405
0.008873059
-0.0010447719
0.124405146
-0.08689467
-0.09620747
-0.043383416
0.09678355
-0.11092058
-0.051446524
-0.09339241
-0.028502358
0.015071087
0.1445562
0.01554609
0.10171828
0.020223208
0.1072227
0.12071743
-0.08877329
0.13274896
-0.022665503
-0.09884823
-0.14066897
0.035298895
-0.11750569
-0.1373154
0.05420337
-0.054824695
0.12778333
0.108314745
0.046307784
0.08735493
-0.045616463
-0.12434532
0.01749668
0.10278693
0.117064044
-0.09566499
-0.08887123
-0.11469435
-0.11815007
0.04742465
0.08032328
-0.0040127463
-0.08530828
-0.053685572
-0.15302315
-0.12954001
0.115354076
-0.04647397
-0.09340777
-0.1479576
0.07829418
0.09339366
-0.0016093703
-0.10289902
0.11420926
-0.1450707
0.051321797
0.024167886
-0.033586517
0.0012227235
-0.07505835
0.02208543
0.03408157
0.08268154
0.10486973
0.14863653
-0.104290046
-0.015354625
4.2781172e-05
0.096766375
-0.14100008
0.062167346
-0.07365504
-0.095545344
-0.117543235
0.06530561
-0.063571736
0.09284972
-0.03380271
-0.06691226
0.08118609
-0.026107218
-0.13129854
-0.14584452
0.0057679745
0.042071626
0.12371132
0.12749456
-0.11156313
-0.11604725
-0.010457565
0.09035084
0.028717086
-0.0779236
-0.0131175835
-0.04363276
-0.006504322
0.10235727
-0.03681314
-0.0061170696
-0.010274348
0.07098382
-0.15228106
-0.029132547
0.051041164
0.013308839
-0.11406318
0.11633893
-0.11162591
0.04764812
0.028264906
-0.065863036
-0.07138655
0.027984316
0.1135655
-0.12676695
0.030340225
-0.058430117
-0.020631526
0.09623106
-0.012400149
0.11572671
0.078933895
-0.07827333
0.05535605
0.0148027735
0.09862075
-0.085538656
-0.11159227
-0.0030805888
0.1175407
0.0050564082
0.042699706
-0.04055955
0.15296654
0.032138992
-0.07817643
0.02119008
-0.06332173
-0.08280868
-0.02034921
-0.037909195
-0.0011102301
0.039329734
-0.09317938
0.005627844
-0.06181435
0.061634056
0.05554755
0.037166294
0.053219125
0.06255621
0.008638188
-0.1475582
-0.054551642
-0.05309182
0.08268049
0.08850476
0.050960936
0.12027199
-0.099547744
0.013056414
0.08662681
0.085912675
0.03250241
0.058329802
-0.08208996
-0.12345076
0.08029331
-0.11415735
-0.099608645
-0.06367361
0.11730112
-0.06227953
-0.11506114
-0.06977079
-0.14198077
-0.13290958
0.025060534
-0.06816701
-0.07844121
-0.013730278
-0.03041082
-0.057138346
-0.10747959
-0.11100584
0.052054506
-0.10107869
-0.008783951
0.06956126
0.016991219
0.12187731
0.09969285
0.08611466
-0.060060997
0.058076765
0.14875087
-0.058724977
0.085720524
-0.10865679
0.09637491
-0.052152198
-0.07502531
0.09680853
0.06124325
-0.017258102
-0.04543546
0.036841713
0.0126397
-0.080123395
0.09678799
-0.039136674
0.13837333
0.095935576
-0.06833089
-0.0770353
0.0783215
-0.053750742
-0.031324513
-0.13603123
-0.12697835
0.100706175
-0.0028474617
-0.0987856
-0.05884834
0.11638051
-0.04429541
-0.11155415
0.121447794
-0.040211532
0.083612464
-0.013238013
0.13028623
0.06999314
-0.12541392
-0.11515746
-0.049668573
-0.024014704
0.059933458
-0.08002548
0.0776484
-0.029626872
0.11291794
-0.058623385
0.02758083
-0.08024432
-0.06640723
0.025561867
0.05109485
-0.051284082
-0.15096119
0.11794349
0.025433628
-0.0887409
0.03767644
0.05887123
-0.00033044224
-0.023524903
-0.08875602
0.11103672
-0.03240816
-0.045405276
-0.00042831164
-0.04422017
-0.14920488
-0.020053148
0.050811686
-0.13686813
-0.083424024
0.09834409
-0.105619036
0.033997566
-0.10293508
0.085037515
-0.10655882
-0.14990926
-0.111063756
0.13858086
0.12034444
-0.13044131
0.08500202
-0.055861607
0.004759831
-0.017061215
0.13556492
0.13048314
-0.119622186
0.09337662
-0.03193228
-0.079399936
-0.03482027
-0.07809982
-0.13651161
0.08979695
-0.04326075
0.062465698
-0.1479761
0.07888924
0.10034382
-0.033446994
0.09049005
0.048271425
0.10534664
-0.004007909
-0.025864726
-0.081034385
-0.07734126
0.085955285
-0.09467139
-0.06891478
0.12945627
-0.1417127
0.09288612
0.12987272
0.11593964
0.015096614
-0.11669175
0.0425431
-0.124384746
0.03509863
-0.14018261
-0.14824091
0.107929744
-0.08222419
0.05049287
0.040389016
0.018527038
0.12605342
0.069021896
0.122246735
0.006657116
-0.115298055
-0.03688065
-0.015399631
0.05851229
0.031554654
-0.011610114
0.029292958
0.07747613
-0.12019763
0.09191428
0.0034069498
-0.05057888
0.13115472
0.053562727
0.014708311
0.08241214
0.036258444
-0.09676855
0.10928283
0.0028672593
0.083946645
-0.05900794
-0.059965625
0.08132178
-0.0336348
-0.13032402
-0.06586935
-0.09073095
-0.03145485
0.020236026
0.107112475
-0.016367748
0.11792494
-0.14079179
-0.037776884
-0.04859315
-0.1272819
-0.058163945
0.07525385
-0.08580938
-0.02429067
0.10650615
-0.029279135
-0.09936072
-0.08473039
0.029887132
0.087185234
-0.079462655
-0.048097912
0.080735035
-0.06626231
-0.10986182
-0.0028365566
-0.13338365
-0.06128196
0.010712497
0.12637566
-0.14352696
-0.05821638
-0.09303683
-0.12241499
-0.0048331856
0.016814442
0.022446837
-0.006394943
-0.059517726
-0.10226184
0.15159126
0.040596463
0.030373394
-0.048117038
-0.042577725
-0.013284855
0.094977506
-0.05087026
0.010580135
-0.09998238
-0.070572935
0.117541574
0.07918729
0.06626621
-0.07206727
0.01630176
-0.08121612
-0.08660469
-0.14629863
0.08986044
0.12703402
0.12597658
0.030991398
-0.098079905
0.029231349
-0.089369215
0.114509486
-0.082487814
0.018963646
0.14819737
-0.020183448
0.08290491
0.13425407
-0.130151
0.036911592
0.015039898
0.0046102875
0.048534464
-0.11490846
0.05155646
0.0053596073
0.021139093
-0.054247014
-0.08582371
-0.0492382
-0.04509574
0.11573506
0.03183984
0.029186852
0.02956756
0.11691015
0.020725219
0.084004655
-0.094316915
0.0070238076
0.02635937
0.082927845
0.09587051
-0.124134704
0.016464079
-0.06987931
0.095732406
-0.0039220573
0.1330072
0.1273337
0.026016971
-0.11317391
0.072279334
0.04320656
-0.13453235
0.030636799
0.03218262
-0.021956079
-0.010371154
0.046409648
-0.050625067
-0.04692582
-0.11630465
-0.014199846
0.051542245
0.050318237
-0.083864935
-0.0041522603
-0.12386894
-0.12541339
0.13840732
0.013790195
0.046273533
0.15976332
-0.07380067
0.029648673
0.08173643
-0.06956956
0.029469885
0.059577808
0.13333736
-0.08834383
-0.057763804
0.14794067
0.12928288
0.12484801
0.15531525
-0.029283866
-0.05441595
0.054965682
-0.031555384
-0.10671779
-0.08368078
0.04179968
-0.12982391
0.08106778
0.08426517
-0.06391829
0.10524728
-0.035541587
0.083138265
0.14700106
0.07595103
-0.06091164
0.08053788
-0.09936395
-0.09086331
0.092490874
-0.023548413
-0.044174217
0.034848474
0.08493343
0.08755336
-0.008224452
-0.056245845
-0.030649586
-0.046856698
-0.08368103
0.046823375
0.11229657
-0.065846235
-0.14160287
0.034347914
0.08717403
-0.075837545
-0.08551474
-0.13579156
-0.101547964
-0.032773327
0.075566284
0.06663776
-0.097781666
0.0052151154
-0.12812859
0.068590574
0.092856795
-0.009383689
0.040857468
-0.078982666
0.052289054
0.08189843
0.06933404
-0.072872125
0.099970214
0.09847186
-0.15449268
0.09987645
0.122113
-0.053246368
0.041979782
0.056015834
0.09910956
-0.1243714
0.030047309
0.13005225
-0.11711125
-0.095499605
-0.063869916
-0.11778075
0.050015755
-0.13281836
-0.07959279
-0.055805493
-0.023990659
0.024157455
0.057699762
0.055266242
0.11790415
0.08390252
0.12476235
0.030532444
0.108470716
0.07435752
0.104803346
0.11657617
0.089887396
0.028866343
-0.08676873
-0.08765485
-0.12766564
0.12830807
0.10301855
-0.12056633
0.014050319
-0.1545134
0.108609475
-0.039942525
-0.05056152
-0.022793742
0.008622752
0.11870964
-0.03155959
-0.06901906
-0.1487712
-0.06114175
-0.13768049
0.12673679
-0.040949285
0.12187509
-0.016232997
-0.015012873
-0.007279739
0.07955761
0.014775491
-0.06363147
-0.10143142
0.006328641
-0.14361772
-0.09746389
0.021816174
0.0056048213
-0.07124051
-0.13583772
-0.0011938221
-0.02153538
0.07646933
-0.009469585
0.10996993
0.065990254
-0.08066183
0.04796158
0.09318741
-0.049577348
0.07416997
-0.049529944
0.12460787
-0.15029906
-0.05327756
0.045701597
-0.061712734
-0.072330944
0.04640568
-0.103341214
-0.080375604
-0.046991065
-0.075762786
-0.012908117
0.008898105
0.06042067
-0.14430699
-0.0975625
0.05663056
0.115308575
0.06067267
0.05869298
-0.08522146
-0.05447833
0.018582644
-0.0080934465
0.059612546
-0.043742143
-0.1467616
-0.142126
0.022534085
-0.15390283
-0.03420327
-0.14035542
-0.13717042
-0.021642808
-0.11095474
-0.13946988
-0.038388386
-0.07010332
-0.121660575
-0.010586817
0.059787184
0.0782593
0.106744334
0.08508853
-0.00086441654
0.0049848543
-0.03190042
0.07967967
-0.044146404
-0.07614187
0.03420143
-0.11018604
0.13629808
0.07290757
0.09296535
-0.12094851
-0.1345753
0.01420862
0.0865098
0.077336684
0.097887024
-0.1026738
-0.11554209
0.02960997
-0.122628815
0.093146734
0.10551005
0.091166794
0.05362549
-0.096382305
-0.13946874
0.1067986
-0.07701233
0.11897408
-0.10016115
0.10023751
0.009157841
-0.023870515
0.024770929
0.0951877
0.08484106
-0.09482349
-0.005504847
-0.023427298
0.052201997
0.07314915
-0.07674213
-0.005188045
0.042943854
-0.061239097
-0.14138183
0.024545593
-0.008116339
0.1351138
0.11125847
0.0818433
0.040355723
0.035686653
-0.078828305
0.10873496
-0.12880985
0.0969872
0.09490678
-0.06475395
0.08275394
-0.06541372
0.074727684
0.022471074
0.001449893
0.02330214
0.113922626
0.04621452
-0.14412722
-0.03794852
-0.11214871
-0.12412735
0.056820314
0.095758505
-0.15264498
-0.0050015007
0.03615621
-0.15632677
-0.109949484
-0.15605144
-0.05264075
0.046989314
-0.10066051
-0.10560263
0.009353529
-0.13064896
-0.13188663
0.030330675
0.029929968
0.016775472
-0.011373081
0.0018453529
-0.1168032
0.035070803
0.049094398
-0.0048983633
0.055643253
0.0028690798
-0.036047623
-0.0895596
-0.13753082
0.022019766
-0.15685062
-0.0332771
-0.035716806
0.050747685
-0.059119597
-0.12196835
0.124938615
0.10179759
-0.09888883
-0.027373645
0.09884044
-0.0855967
-0.0290517
-0.119983025
0.04290937
0.025388794
-0.13344295
-0.12680742
0.11481617
0.020769997
0.041304417
0.10036425
-0.08955135
0.07457224
-0.0037501138
-0.019012757
0.08963636
0.057381522
-0.13367148
0.09763554
-0.04219968
0.046271373
-0.067062005

