-0.014748438
-0.014559453
0.012982078
0.011685459
0.016600395
0.0041531627
0.0024314108
0.0011919602
-0.010071608
-0.00913193
-0.005326411
0.022760505
-0.0039988603
-0.00629036
-0.032775514
0.009847934
0.018380798
0.0015892908
0.006120557
0.009694199
-0.0055147065
0.01818021
0.032768987
0.028261395
-0.005307817
0.008377063
-0.017480545
0.012040329
0.014130237
-0.022393279
-0.017191606
0.017325582
-0.0031426994
-0.014293949
0.007874697
-0.010585041
-0.013069197
0.005913163
0.010172956
-0.008966161
-0.0058415267
0.018733125
0.012629395
0.008171337
0.015654173
0.034271274
0.014865902
-0.011056777
0.002271656
-0.0044321683
